32
18
32
18
24
10
38
14
112
18
60
28
16
24
30
28
128
20
32
30
136
134
8
24
24
32
44
10
2
2
2
20
16
28
86
46
2
10
22
8
2
42
6
20
12
2
60
14
32
154
28
6
36
14
4
50
10
12
22
28
150
16
18
2
4
46
18
26
4
10
16
22
44
4
66
12
24
26
10
24
38
14
2
14
40
14
42
10
16
4
96
24
16
36
10
30
62
26
14
4
24
72
8
26
4
78
40
32
10
70
122
6
22
124
34
6
6
12
30
54
12
30
12
30
34
36
18
42
30
2
16
20
54
84
22
28
2
18
10
38
26
20
12
8
2
2
4
22
4
48
26
2
48
14
10
4
20
6
12
20
74
90
14
80
10
6
32
26
20
24
4
38
18
4
2
34
50
86
30
94
12
6
4
8
8
36
16
24
30
2
92
112
6
6
112
42
2
6
4
12
58
34
76
32
2
14
16
10
6
14
20
52
54
18
26
28
4
10
16
40
48
2
2
8
72
12
44
116
4
2
46
14
2
8
26
4
40
46
8
26
128
4
32
2
2
34
28
14
14
74
6
12
8
52
34
2
20
10
6
144
88
16
26
18
34
128
18
2
84
30
2
8
30
92
2
6
6
26
70
4
4
18
12
48
20
38
12
4
38
40
108
2
16
6
46
18
24
12
50
72
24
110
2
12
20
14
40
4
142
76
50
76
36
6
16
58
30
38
84
14
54
4
16
12
52
10
22
66
34
16
30
52
12